29,(8947, 50, 54, 72),0,3,9216,0,0,1,0,0,0,0, False
4294967295,(11930, 27, 52, 95),4294967295,65280,0,33007,0,0,0,0,0,0, False
205824,(0, 0, 0, 1),0,18943,65535,65535,255,255,255,255,255,255, False
58399,(0, 0, 0, 0),0,803,0,0,1,0,0,0,0,218, True
83792,(0, 0, 0, 0),0,803,0,0,1,0,0,0,0,55, True
109186,(0, 0, 0, 0),0,806,0,0,1,0,0,0,0,13, True
55565,(0, 0, 0, 0),0,809,0,0,1,0,0,0,0,255, True
80803,(0, 0, 0, 0),0,810,0,0,1,0,0,0,0,177, True
106197,(0, 0, 0, 0),0,811,0,0,1,0,0,0,0,99, True
131588,(0, 0, 0, 0),0,811,0,0,1,0,0,0,0,45, True
156982,(0, 0, 0, 0),0,812,0,0,1,0,0,0,0,127, True
182373,(0, 0, 0, 0),0,812,0,0,1,0,0,0,0,129, True
207765,(0, 0, 0, 0),0,810,0,0,1,0,0,0,0,149, True
230450,(0, 0, 0, 0),0,813,0,0,1,0,0,0,0,154, True
233157,(0, 0, 0, 0),0,812,0,0,1,0,0,0,0,102, True
258550,(0, 0, 0, 0),0,813,0,0,1,0,0,0,0,43, True
283942,(0, 0, 0, 0),0,812,0,0,1,0,0,0,0,89, True
309334,(0, 0, 0, 0),0,811,0,0,1,0,0,0,0,195, True
334726,(0, 0, 0, 0),0,811,0,0,1,0,0,0,0,177, True
360118,(0, 0, 0, 0),0,812,0,0,1,0,0,0,0,227, True
385511,(0, 0, 0, 0),0,812,0,0,1,0,0,0,0,45, True
410902,(0, 0, 0, 0),0,812,0,0,1,0,0,0,0,123, True
436296,(0, 0, 0, 0),0,811,0,0,1,0,0,0,0,207, True
461687,(0, 0, 0, 0),0,811,0,0,1,0,0,0,0,82, True
487079,(0, 0, 0, 0),0,811,0,0,1,0,0,0,0,231, True
512472,(0, 0, 0, 0),0,812,0,0,1,0,0,0,0,32, True
537866,(0, 0, 0, 0),0,811,0,0,1,0,0,0,0,30, True
563257,(0, 0, 0, 0),0,812,0,0,1,0,0,0,0,135, True
588651,(0, 0, 0, 0),0,811,0,0,1,0,0,0,0,177, True
614042,(0, 0, 0, 0),0,811,0,0,1,0,0,0,0,228, True
639435,(0, 0, 0, 0),0,813,0,0,1,0,0,0,0,44, True
664827,(0, 0, 0, 0),0,813,0,0,1,0,0,0,0,250, True
690221,(0, 0, 0, 0),0,812,0,0,1,0,0,0,0,129, True
715612,(0, 0, 0, 0),0,812,0,0,1,0,0,0,0,147, True
741006,(0, 0, 0, 0),0,813,0,0,1,0,0,0,0,228, True
766397,(0, 0, 0, 0),0,813,0,0,1,0,0,0,0,40, True
791790,(0, 0, 0, 0),0,813,0,0,1,0,0,0,0,217, True
817182,(0, 0, 0, 0),0,812,0,0,1,0,0,0,0,68, True
842576,(0, 0, 0, 0),0,813,0,0,1,0,0,0,0,168, True
867967,(0, 0, 0, 0),0,812,0,0,1,0,0,0,0,98, True
893361,(0, 0, 0, 0),0,812,0,0,1,0,0,0,0,51, True
918752,(0, 0, 0, 0),0,813,0,0,1,0,0,0,0,197, True
944145,(0, 0, 0, 0),0,813,0,0,1,0,0,0,0,88, True
969537,(0, 0, 0, 0),0,813,0,0,1,0,0,0,0,171, True
994931,(0, 0, 0, 0),0,812,0,0,1,0,0,0,0,124, True
1020322,(0, 0, 0, 0),0,813,0,0,1,0,0,0,0,19, True
1045716,(0, 0, 0, 0),0,811,0,0,1,0,0,0,0,6, True
1071107,(0, 0, 0, 0),0,812,0,0,1,0,0,0,0,101, True
1096501,(0, 0, 0, 0),0,813,0,0,1,0,0,0,0,177, True
1121892,(0, 0, 0, 0),0,813,0,0,1,0,0,0,0,68, True
1147285,(0, 0, 0, 0),0,813,0,0,1,0,0,0,0,42, True
1172677,(0, 0, 0, 0),0,813,0,0,1,0,0,0,0,31, True
1198071,(0, 0, 0, 0),0,814,0,0,1,0,0,0,0,142, True
1223462,(0, 0, 0, 0),0,813,0,0,1,0,0,0,0,176, True
1248856,(0, 0, 0, 0),0,813,0,0,1,0,0,0,0,106, True
1274247,(0, 0, 0, 0),0,813,0,0,1,0,0,0,0,202, True
1299640,(0, 0, 0, 0),0,812,0,0,1,0,0,0,0,81, True
1325032,(0, 0, 0, 0),0,814,0,0,1,0,0,0,0,231, True
1350426,(0, 0, 0, 0),0,814,0,0,1,0,0,0,0,185, True
1375817,(0, 0, 0, 0),0,814,0,0,1,0,0,0,0,143, True
1401211,(0, 0, 0, 0),0,814,0,0,1,0,0,0,0,35, True
1426602,(0, 0, 0, 0),0,814,0,0,1,0,0,0,0,87, True
1451994,(0, 0, 0, 0),0,812,0,0,1,0,0,0,0,197, True
1477387,(0, 0, 0, 0),0,814,0,0,1,0,0,0,0,186, True
1502781,(0, 0, 0, 0),0,813,0,0,1,0,0,0,0,234, True
1528172,(0, 0, 0, 0),0,813,0,0,1,0,0,0,0,5, True
1553566,(0, 0, 0, 0),0,814,0,0,1,0,0,0,0,17, True
1578957,(0, 0, 0, 0),0,814,0,0,1,0,0,0,0,238, True
1604350,(0, 0, 0, 0),0,814,0,0,1,0,0,0,0,176, True
1629742,(0, 0, 0, 0),0,816,0,0,1,0,0,0,0,218, True
1655136,(0, 0, 0, 0),0,814,0,0,1,0,0,0,0,20, True
1680527,(0, 0, 0, 0),0,814,0,0,1,0,0,0,0,30, True
1705921,(0, 0, 0, 0),0,815,0,0,1,0,0,0,0,241, True
1731312,(0, 0, 0, 0),0,815,0,0,1,0,0,0,0,173, True
1756705,(0, 0, 0, 0),0,816,0,0,1,0,0,0,0,199, True
1782097,(0, 0, 0, 0),0,815,0,0,1,0,0,0,0,86, True
1807491,(0, 0, 0, 0),0,816,0,0,1,0,0,0,0,62, True
1832882,(0, 0, 0, 0),0,816,0,0,1,0,0,0,0,108, True
1858276,(0, 0, 0, 0),0,816,0,0,1,0,0,0,0,144, True
1883667,(0, 0, 0, 0),0,816,0,0,1,0,0,0,0,131, True
1909060,(0, 0, 0, 0),0,816,0,0,1,0,0,0,0,74, True
1934451,(0, 0, 0, 0),0,816,0,0,1,0,0,0,0,216, True
1959844,(0, 0, 0, 0),0,816,0,0,1,0,0,0,0,108, True
1985237,(0, 0, 0, 0),0,816,0,0,1,0,0,0,0,179, True
2010630,(0, 0, 0, 0),0,816,0,0,1,0,0,0,0,132, True
2032275,(0, 0, 0, 0),0,816,0,0,0,0,0,0,0,174, True
2036021,(0, 0, 0, 0),0,816,0,0,0,0,0,0,0,8, True
2061414,(0, 0, 0, 0),0,817,0,0,0,0,0,0,0,63, True
2086806,(0, 0, 0, 0),0,816,0,0,0,0,0,0,0,109, True
2112199,(0, 0, 0, 0),0,817,0,0,0,0,0,0,0,239, True
2137591,(0, 0, 0, 0),0,817,0,0,0,0,0,0,0,120, True
2162983,(0, 0, 0, 0),0,817,0,0,0,0,0,0,0,53, True
2188375,(0, 0, 0, 0),0,818,0,0,0,0,0,0,0,35, True
2213766,(0, 0, 0, 0),0,817,0,0,0,0,0,0,0,82, True
2239160,(0, 0, 0, 0),0,817,0,0,0,0,0,0,0,130, True
2264551,(0, 0, 0, 0),0,817,0,0,0,0,0,0,0,122, True
2289945,(0, 0, 0, 0),0,817,0,0,0,0,0,0,0,248, True
2315336,(0, 0, 0, 0),0,817,0,0,0,0,0,0,0,13, True
2340730,(0, 0, 0, 0),0,818,0,0,0,0,0,0,0,223, True
2366121,(0, 0, 0, 0),0,817,0,0,0,0,0,0,0,165, True
2391515,(0, 0, 0, 0),0,818,0,0,0,0,0,0,0,179, True
2416906,(0, 0, 0, 0),0,819,0,0,0,0,0,0,0,255, True
2442300,(0, 0, 0, 0),0,817,0,0,0,0,0,0,0,111, True
2467691,(0, 0, 0, 0),0,817,0,0,0,0,0,0,0,219, True
2493084,(0, 0, 0, 0),0,817,0,0,0,0,0,0,0,130, True
2518476,(0, 0, 0, 0),0,818,0,0,0,0,0,0,0,182, True
2543870,(0, 0, 0, 0),0,817,0,0,0,0,0,0,0,58, True
2569261,(0, 0, 0, 0),0,816,0,0,0,0,0,0,0,13, True
2594655,(0, 0, 0, 0),0,816,0,0,0,0,0,0,0,220, True
2620046,(0, 0, 0, 0),0,815,0,0,0,0,0,0,0,127, True
2645440,(0, 0, 0, 0),0,815,0,0,0,0,0,0,0,153, True
2670831,(0, 0, 0, 0),0,815,0,0,0,0,0,0,0,43, True
2696225,(0, 0, 0, 0),0,815,0,0,0,0,0,0,0,0, True
2721616,(0, 0, 0, 0),0,813,0,0,0,0,0,0,0,208, True
2747009,(0, 0, 0, 0),0,813,0,0,0,0,0,0,0,108, True
2772401,(0, 0, 0, 0),0,814,0,0,0,0,0,0,0,251, True
2797795,(0, 0, 0, 0),0,811,0,0,0,0,0,0,0,81, True
2823187,(0, 0, 0, 0),0,811,0,0,0,0,0,0,0,4, True
2848580,(0, 0, 0, 0),0,811,0,0,0,0,0,0,0,48, True
2873972,(0, 0, 0, 0),0,809,0,0,0,0,0,0,0,175, True
2899365,(0, 0, 0, 0),0,808,0,0,0,0,0,0,0,159, True
2924756,(0, 0, 0, 0),0,806,0,0,0,0,0,0,0,125, True
2950150,(0, 0, 0, 0),0,805,0,0,0,0,0,0,0,9, True
2975542,(0, 0, 0, 0),0,803,0,0,0,0,0,0,0,92, True
3000935,(0, 0, 0, 0),0,802,0,0,0,0,0,0,0,161, True
3026327,(0, 0, 0, 0),0,801,0,0,0,0,0,0,0,182, True
3051720,(0, 0, 0, 0),0,799,0,0,0,0,0,0,0,106, True
3077112,(0, 0, 0, 0),0,799,0,0,0,0,0,0,0,57, True
3102505,(0, 0, 0, 0),0,798,0,0,0,0,0,0,0,76, True
3127896,(0, 0, 0, 0),0,797,0,0,0,0,0,0,0,211, True
3153290,(0, 0, 0, 0),0,796,0,0,0,0,0,0,0,184, True
3178681,(0, 0, 0, 0),0,794,0,0,0,0,0,0,0,16, True
3204075,(0, 0, 0, 0),0,791,0,0,0,0,0,0,0,44, True
3229467,(0, 0, 0, 0),0,790,0,0,0,0,0,0,0,120, True
3254860,(0, 0, 0, 0),0,787,0,0,0,0,0,0,0,199, True
3280251,(0, 0, 0, 0),0,787,0,0,0,0,0,0,0,84, True
3305644,(0, 0, 0, 0),0,784,0,0,0,0,0,0,0,253, True
3331036,(0, 0, 0, 0),0,782,0,0,0,0,0,0,0,48, True
3356428,(0, 0, 0, 0),0,781,0,0,0,0,0,0,0,6, True
3381821,(0, 0, 0, 0),0,780,0,0,0,0,0,0,0,155, True
3407213,(0, 0, 0, 0),0,777,0,0,0,0,0,0,0,169, True
3432605,(0, 0, 0, 0),0,773,0,0,0,0,0,0,0,207, True
3457998,(0, 0, 0, 0),0,771,0,0,0,0,0,0,0,57, True
3483390,(0, 0, 0, 0),0,769,0,0,0,0,0,0,0,239, True
3508783,(0, 0, 0, 0),0,767,0,0,0,0,0,0,0,109, True
3534174,(0, 0, 0, 0),0,765,0,0,0,0,0,0,0,121, True
3559566,(0, 0, 0, 0),0,763,0,0,0,0,0,0,0,17, True
3584959,(0, 0, 0, 0),0,761,0,0,0,0,0,0,0,193, True
3610351,(0, 0, 0, 0),0,757,0,0,0,0,0,0,0,57, True
3635744,(0, 0, 0, 0),0,754,0,0,0,0,0,0,0,157, True
3661135,(0, 0, 0, 0),0,752,0,0,0,0,0,0,0,87, True
3686529,(0, 0, 0, 0),0,750,0,0,0,0,0,0,0,21, True
3711920,(0, 0, 0, 0),0,748,0,0,0,0,0,0,0,197, True
3737314,(0, 0, 0, 0),0,745,0,0,0,0,0,0,0,54, True
3762705,(0, 0, 0, 0),0,741,0,0,0,0,0,0,0,165, True
3788097,(0, 0, 0, 0),0,739,0,0,0,0,0,0,0,84, True
3813489,(0, 0, 0, 0),0,733,0,0,0,0,0,0,0,164, True
3838882,(0, 0, 0, 0),0,732,0,0,0,0,0,0,0,213, True
3864274,(0, 0, 0, 0),0,729,0,0,0,0,0,0,0,197, True
3889667,(0, 0, 0, 0),0,724,0,0,0,0,0,0,0,180, True
3915059,(0, 0, 0, 0),0,722,0,0,0,0,0,0,0,101, True
3940452,(0, 0, 0, 0),0,720,0,0,0,0,0,0,0,170, True
3965844,(0, 0, 0, 0),0,716,0,0,0,0,0,0,0,229, True
3991236,(0, 0, 0, 0),0,713,0,0,0,0,0,0,0,213, True
4016629,(0, 0, 0, 0),0,708,0,0,0,0,0,0,0,71, True
4042021,(0, 0, 0, 0),0,705,0,0,0,0,0,0,0,118, True
4067413,(0, 0, 0, 0),0,701,0,0,0,0,0,0,0,196, True
4092805,(0, 0, 0, 0),0,697,0,0,0,0,0,0,0,115, True
4118198,(0, 0, 0, 0),0,694,0,0,0,0,0,0,0,234, True
4143589,(0, 0, 0, 0),0,690,0,0,0,0,0,0,0,83, True
4168983,(0, 0, 0, 0),0,687,0,0,0,0,0,0,0,24, True
4194375,(0, 0, 0, 0),0,685,0,0,0,0,0,0,0,168, True
4219766,(0, 0, 0, 0),0,680,0,0,0,0,0,0,0,255, True
4245158,(0, 0, 0, 0),0,676,0,0,0,0,0,0,0,134, True
4270551,(0, 0, 0, 0),0,674,0,0,0,0,0,0,0,31, True
4295943,(0, 0, 0, 0),0,668,0,0,0,0,0,0,0,85, True
4321336,(0, 0, 0, 0),0,666,0,0,0,0,0,0,0,17, True
4346728,(0, 0, 0, 0),0,661,0,0,0,0,0,0,0,238, True
4372121,(0, 0, 0, 0),0,655,0,0,0,0,0,0,0,224, True
4397512,(0, 0, 0, 0),0,654,0,0,0,0,0,0,0,30, True
4422903,(0, 0, 0, 0),0,650,0,0,0,0,0,0,0,64, True
4448296,(0, 0, 0, 0),0,644,0,0,0,0,0,0,0,13, True
4473688,(0, 0, 0, 0),0,640,0,0,0,0,0,0,0,221, True
4499082,(0, 0, 0, 0),0,637,0,0,0,0,0,0,0,23, True
4524473,(0, 0, 0, 0),0,634,0,0,0,0,0,0,0,141, True
4549866,(0, 0, 0, 0),0,629,0,0,0,0,0,0,0,180, True
4575257,(0, 0, 0, 0),0,623,0,0,0,0,0,0,0,225, True
4600649,(0, 0, 0, 0),0,622,0,0,0,0,0,0,0,80, True
4626041,(0, 0, 0, 0),0,618,0,0,0,0,0,0,0,193, True
4651432,(0, 0, 0, 0),0,613,0,0,0,0,0,0,0,112, True
4676826,(0, 0, 0, 0),0,609,0,0,0,0,0,0,0,162, True
4702217,(0, 0, 0, 0),0,605,0,0,0,0,0,0,0,209, True
4727609,(0, 0, 0, 0),0,601,0,0,0,0,0,0,0,9, True
4753001,(0, 0, 0, 0),0,597,0,0,0,0,0,0,0,240, True
4778393,(0, 0, 0, 0),0,592,0,0,0,0,0,0,0,106, True
4803785,(0, 0, 0, 0),0,590,0,0,0,0,0,0,0,128, True
4829176,(0, 0, 0, 0),0,586,0,0,0,0,0,0,0,86, True
4854569,(0, 0, 0, 0),0,580,0,0,0,0,0,0,0,54, True
4879960,(0, 0, 0, 0),0,578,0,0,0,0,0,0,0,36, True
4905353,(0, 0, 0, 0),0,574,0,0,0,0,0,0,0,38, True
4930744,(0, 0, 0, 0),0,567,0,0,0,0,0,0,0,250, True
4956136,(0, 0, 0, 0),0,565,0,0,0,0,0,0,0,11, True
4981528,(0, 0, 0, 0),0,561,0,0,0,0,0,0,0,100, True
5006920,(0, 0, 0, 0),0,557,0,0,0,0,0,0,0,77, True
5032312,(0, 0, 0, 0),0,552,0,0,0,0,0,0,0,215, True
5057704,(0, 0, 0, 0),0,548,0,0,0,0,0,0,0,239, True
5083096,(0, 0, 0, 0),0,544,0,0,0,0,0,0,0,56, True
5108488,(0, 0, 0, 0),0,539,0,0,0,0,0,0,0,175, True
5133880,(0, 0, 0, 0),0,536,0,0,0,0,0,0,0,58, True
5159272,(0, 0, 0, 0),0,531,0,0,0,0,0,0,0,142, True
5184663,(0, 0, 0, 0),0,526,0,0,0,0,0,0,0,200, True
5210055,(0, 0, 0, 0),0,525,0,0,0,0,0,0,0,248, True
5235447,(0, 0, 0, 0),0,519,0,0,0,0,0,0,0,95, True
5260839,(0, 0, 0, 0),0,516,0,0,0,0,0,0,0,55, True
5286230,(0, 0, 0, 0),0,511,0,0,0,0,0,0,0,81, True
5311622,(0, 0, 0, 0),0,514,0,0,0,0,0,0,0,219, True
5337015,(0, 0, 0, 0),0,512,0,0,0,1,1,0,0,139, True
5362406,(0, 0, 0, 0),0,513,0,0,0,0,0,0,0,102, True
5387798,(0, 0, 0, 0),0,515,0,0,0,0,0,0,0,115, True
5413191,(0, 0, 0, 0),0,514,0,0,0,0,0,0,0,140, True
5438581,(0, 0, 0, 0),0,516,0,0,0,0,0,0,0,221, True
5463973,(0, 0, 0, 0),0,512,0,0,0,1,1,0,0,171, True
5489365,(0, 0, 0, 0),0,514,0,0,0,0,0,0,0,68, True
5514757,(0, 0, 0, 0),0,513,0,0,0,0,0,0,0,116, True
5540148,(0, 0, 0, 0),0,511,0,0,0,1,1,0,0,23, True
5565540,(0, 0, 0, 0),0,514,0,0,0,0,0,0,0,220, True
5590932,(0, 0, 0, 0),0,514,0,0,0,0,0,0,0,142, True
5616324,(0, 0, 0, 0),0,510,0,0,0,1,1,0,0,220, True
5641714,(0, 0, 0, 0),0,516,0,0,0,0,0,0,0,183, True
5667106,(0, 0, 0, 0),0,514,0,0,0,0,0,0,0,13, True
5692498,(0, 0, 0, 0),0,510,0,0,0,1,1,0,0,39, True
5717889,(0, 0, 0, 0),0,514,0,0,0,0,0,0,0,233, True
5743282,(0, 0, 0, 0),0,515,0,0,0,0,0,0,0,70, True
5768673,(0, 0, 0, 0),0,511,0,0,0,1,1,0,0,66, True
5794065,(0, 0, 0, 0),0,512,0,0,0,0,0,0,0,34, True
5819457,(0, 0, 0, 0),0,516,0,0,0,0,0,0,0,211, True
5844847,(0, 0, 0, 0),0,511,0,0,0,1,1,0,0,231, True
5870240,(0, 0, 0, 0),0,510,0,0,0,1,1,0,0,148, True
5895632,(0, 0, 0, 0),0,516,0,0,0,0,0,0,0,122, True
5921024,(0, 0, 0, 0),0,512,0,0,0,0,0,0,0,1, True
5946416,(0, 0, 0, 0),0,510,0,0,0,1,1,0,0,41, True
5971807,(0, 0, 0, 0),0,513,0,0,0,0,0,0,0,24, True
5997201,(0, 0, 0, 0),0,514,0,0,0,0,0,0,0,72, True
6022591,(0, 0, 0, 0),0,510,0,0,0,1,1,0,0,254, True
6047984,(0, 0, 0, 0),0,510,0,0,0,1,1,0,0,27, True
6073375,(0, 0, 0, 0),0,513,0,0,0,0,0,0,0,236, True
6098767,(0, 0, 0, 0),0,514,0,0,0,0,0,0,0,29, True
6124160,(0, 0, 0, 0),0,511,0,0,0,1,1,0,0,81, True
6149550,(0, 0, 0, 0),0,510,0,0,0,1,1,0,0,217, True
6174943,(0, 0, 0, 0),0,514,0,0,0,0,0,0,0,185, True
6200334,(0, 0, 0, 0),0,510,0,0,0,1,1,0,0,51, True
6225725,(0, 0, 0, 0),0,511,0,0,0,1,1,0,0,98, True
6251118,(0, 0, 0, 0),0,512,0,0,0,0,0,0,0,81, True
6276510,(0, 0, 0, 0),0,512,0,0,0,1,1,0,0,6, True
6301902,(0, 0, 0, 0),0,509,0,0,0,1,1,0,0,122, True
6327293,(0, 0, 0, 0),0,513,0,0,0,0,0,0,0,21, True
6352684,(0, 0, 0, 0),0,514,0,0,0,0,0,0,0,163, True
6378076,(0, 0, 0, 0),0,510,0,0,0,1,1,0,0,144, True
6403467,(0, 0, 0, 0),0,510,0,0,0,1,1,0,0,160, True
6428858,(0, 0, 0, 0),0,512,0,0,0,0,0,0,0,194, True
6454252,(0, 0, 0, 0),0,512,0,0,0,0,0,0,0,247, True
6479642,(0, 0, 0, 0),0,509,0,0,0,1,1,0,0,91, True
6505035,(0, 0, 0, 0),0,510,0,0,0,1,1,0,0,149, True
6530427,(0, 0, 0, 0),0,513,0,0,0,0,0,0,0,190, True
6555820,(0, 0, 0, 0),0,510,0,0,0,1,1,0,0,63, True
6581211,(0, 0, 0, 0),0,510,0,0,0,1,1,0,0,43, True
6606603,(0, 0, 0, 0),0,512,0,0,0,0,0,0,0,162, True
6631996,(0, 0, 0, 0),0,509,0,0,0,1,1,0,0,151, True
6657386,(0, 0, 0, 0),0,511,0,0,0,0,0,0,0,100, True
6682780,(0, 0, 0, 0),0,509,0,0,0,1,1,0,0,253, True
6708170,(0, 0, 0, 0),0,509,0,0,0,1,1,0,0,11, True
6733562,(0, 0, 0, 0),0,513,0,0,0,0,0,0,0,33, True
6758953,(0, 0, 0, 0),0,510,0,0,0,1,1,0,0,147, True
6784344,(0, 0, 0, 0),0,509,0,0,0,1,1,0,0,70, True
6809736,(0, 0, 0, 0),0,511,0,0,0,1,1,0,0,249, True
6835127,(0, 0, 0, 0),0,511,0,0,0,0,0,0,0,106, True
6860519,(0, 0, 0, 0),0,513,0,0,0,0,0,0,0,34, True
6885911,(0, 0, 0, 0),0,509,0,0,0,1,1,0,0,144, True
6911303,(0, 0, 0, 0),0,510,0,0,0,1,1,0,0,164, True
6936695,(0, 0, 0, 0),0,509,0,0,0,1,1,0,0,58, True
6962086,(0, 0, 0, 0),0,509,0,0,0,1,1,0,0,11, True
6987477,(0, 0, 0, 0),0,511,0,0,0,1,1,0,0,223, True
7012869,(0, 0, 0, 0),0,510,0,0,0,1,1,0,0,147, True
7038260,(0, 0, 0, 0),0,512,0,0,0,1,1,0,0,56, True
7063652,(0, 0, 0, 0),0,508,0,0,0,1,1,0,0,58, True
7089044,(0, 0, 0, 0),0,510,0,0,0,1,1,0,0,44, True
7114437,(0, 0, 0, 0),0,510,0,0,0,1,1,0,0,216, True
7139826,(0, 0, 0, 0),0,510,0,0,0,1,1,0,0,144, True
7165219,(0, 0, 0, 0),0,511,0,0,0,1,1,0,0,229, True
7190611,(0, 0, 0, 0),0,511,0,0,0,1,1,0,0,120, True
7216001,(0, 0, 0, 0),0,510,0,0,0,1,1,0,0,11, True
7241394,(0, 0, 0, 0),0,511,0,0,0,1,1,0,0,92, True
7266784,(0, 0, 0, 0),0,509,0,0,0,1,1,0,0,147, True
7292175,(0, 0, 0, 0),0,509,0,0,0,1,1,0,0,217, True
7317567,(0, 0, 0, 0),0,511,0,0,0,1,1,0,0,6, True
7342958,(0, 0, 0, 0),0,511,0,0,0,0,0,0,0,235, True
7368350,(0, 0, 0, 0),0,511,0,0,0,1,1,0,0,126, True
7393743,(0, 0, 0, 0),0,510,0,0,0,1,1,0,0,145, True
7419133,(0, 0, 0, 0),0,510,0,0,0,1,1,0,0,71, True
7444527,(0, 0, 0, 0),0,510,0,0,0,1,1,0,0,57, True
7469917,(0, 0, 0, 0),0,509,0,0,0,1,1,0,0,43, True
7495309,(0, 0, 0, 0),0,507,0,0,0,1,1,0,0,91, True
7520700,(0, 0, 0, 0),0,507,0,0,0,1,1,0,0,245, True
7546092,(0, 0, 0, 0),0,508,0,0,0,1,1,0,0,70, True
7571484,(0, 0, 0, 0),0,507,0,0,0,1,1,0,0,29, True
7596876,(0, 0, 0, 0),0,505,0,0,0,1,1,0,0,44, True
7622268,(0, 0, 0, 0),0,503,0,0,0,1,1,0,0,176, True
7647659,(0, 0, 0, 0),0,501,0,0,0,1,1,0,0,154, True
7673051,(0, 0, 0, 0),0,501,0,0,0,1,1,0,0,78, True
7698444,(0, 0, 0, 0),0,498,0,0,0,1,1,0,0,242, True
7723835,(0, 0, 0, 0),0,497,0,0,0,1,1,0,0,101, True
7749227,(0, 0, 0, 0),0,494,0,0,0,1,1,0,0,204, True
7774618,(0, 0, 0, 0),0,494,0,0,0,1,1,0,0,162, True
7800009,(0, 0, 0, 0),0,493,0,0,0,1,1,0,0,86, True
7825400,(0, 0, 0, 0),0,489,0,0,0,1,1,0,0,0, True
7850794,(0, 0, 0, 0),0,488,0,0,0,1,1,0,0,127, True
7876184,(0, 0, 0, 0),0,485,0,0,0,1,1,0,0,234, True
7901576,(0, 0, 0, 0),0,484,0,0,0,1,1,0,0,132, True
7926968,(0, 0, 0, 0),0,480,0,0,0,1,1,0,0,213, True
7952359,(0, 0, 0, 0),0,479,0,0,0,1,1,0,0,23, True
7977751,(0, 0, 0, 0),0,477,0,0,0,1,1,0,0,9, True
8003142,(0, 0, 0, 0),0,474,0,0,0,1,1,0,0,249, True
8028533,(0, 0, 0, 0),0,473,0,0,0,1,1,0,0,86, True
8053927,(0, 0, 0, 0),0,471,0,0,0,1,1,0,0,239, True
8079317,(0, 0, 0, 0),0,467,0,0,0,1,1,0,0,59, True
8104709,(0, 0, 0, 0),0,466,0,0,0,1,1,0,0,6, True
8130101,(0, 0, 0, 0),0,463,0,0,0,1,1,0,0,137, True
8155493,(0, 0, 0, 0),0,462,0,0,0,1,1,0,0,167, True
8180886,(0, 0, 0, 0),0,460,0,0,0,1,1,0,0,243, True
8206277,(0, 0, 0, 0),0,456,0,0,0,1,1,0,0,70, True
8231669,(0, 0, 0, 0),0,454,0,0,0,1,1,0,0,213, True
8257060,(0, 0, 0, 0),0,453,0,0,0,1,1,0,0,99, True
8282451,(0, 0, 0, 0),0,451,0,0,0,1,1,0,0,142, True
8307843,(0, 0, 0, 0),0,448,0,0,0,1,1,0,0,248, True
8333234,(0, 0, 0, 0),0,446,0,0,0,1,1,0,0,85, True
8358626,(0, 0, 0, 0),0,444,0,0,0,1,1,0,0,170, True
8384019,(0, 0, 0, 0),0,444,0,0,0,1,1,0,0,63, True
8409408,(0, 0, 0, 0),0,440,0,0,0,1,1,0,0,40, True
8434800,(0, 0, 0, 0),0,440,0,0,0,1,1,0,0,253, True
8460193,(0, 0, 0, 0),0,439,0,0,0,1,1,0,0,129, True
8485583,(0, 0, 0, 0),0,438,0,0,0,1,1,0,0,131, True
8510975,(0, 0, 0, 0),0,438,0,0,0,1,1,0,0,20, True
8536367,(0, 0, 0, 0),0,437,0,0,0,1,1,0,0,88, True
8561759,(0, 0, 0, 0),0,436,0,0,0,1,1,0,0,204, True
8587149,(0, 0, 0, 0),0,437,0,0,0,1,1,0,0,189, True
8612541,(0, 0, 0, 0),0,436,0,0,0,1,1,0,0,225, True
8637931,(0, 0, 0, 0),0,436,0,0,0,1,1,0,0,16, True
8663323,(0, 0, 0, 0),0,436,0,0,0,1,1,0,0,27, True
8688715,(0, 0, 0, 0),0,435,0,0,0,1,1,0,0,233, True
8714106,(0, 0, 0, 0),0,437,0,0,0,1,1,0,0,189, True
8739499,(0, 0, 0, 0),0,437,0,0,0,1,1,0,0,192, True
8764889,(0, 0, 0, 0),0,437,0,0,0,1,1,0,0,85, True
8790279,(0, 0, 0, 0),0,437,0,0,0,1,1,0,0,20, True
8815672,(0, 0, 0, 0),0,437,0,0,0,1,1,0,0,142, True
8841064,(0, 0, 0, 0),0,437,0,0,0,1,1,0,0,189, True
8866455,(0, 0, 0, 0),0,437,0,0,0,1,1,0,0,238, True
8891848,(0, 0, 0, 0),0,437,0,0,0,1,1,0,0,86, True
8917240,(0, 0, 0, 0),0,438,0,0,0,1,1,0,0,215, True
8942632,(0, 0, 0, 0),0,437,0,0,0,1,1,0,0,96, True
8968022,(0, 0, 0, 0),0,437,0,0,0,1,1,0,0,189, True
8993414,(0, 0, 0, 0),0,437,0,0,0,1,1,0,0,129, True
9018805,(0, 0, 0, 0),0,436,0,0,0,1,1,0,0,20, True
9044196,(0, 0, 0, 0),0,436,0,0,0,1,1,0,0,219, True
9069588,(0, 0, 0, 0),0,435,0,0,0,1,1,0,0,72, True
9094979,(0, 0, 0, 0),0,436,0,0,0,1,1,0,0,187, True
9120370,(0, 0, 0, 0),0,434,0,0,0,1,1,0,0,96, True
9145761,(0, 0, 0, 0),0,434,0,0,0,1,1,0,0,20, True
9171155,(0, 0, 0, 0),0,433,0,0,0,1,1,0,0,24, True
9196545,(0, 0, 0, 0),0,433,0,0,0,1,1,0,0,105, True
9205462,(0, 0, 0, 0),0,433,180,0,0,1,1,0,0,44, True
9221936,(0, 0, 0, 0),0,433,0,0,0,1,1,0,0,187, True
9247329,(0, 0, 0, 0),0,433,0,0,0,1,1,0,0,70, True
9272719,(0, 0, 0, 0),0,435,0,0,0,1,1,0,0,205, True
9298112,(0, 0, 0, 0),0,436,0,0,0,1,1,0,0,24, True
9323503,(0, 0, 0, 0),0,438,0,0,0,1,1,0,0,149, True
9348895,(0, 0, 0, 0),0,440,0,0,0,1,1,0,0,143, True
9374286,(0, 0, 0, 0),0,442,0,0,0,1,1,0,0,112, True
9399677,(0, 0, 0, 0),0,443,0,0,0,1,1,0,0,37, True
9425069,(0, 0, 0, 0),0,445,0,0,0,1,1,0,0,78, True
9450462,(0, 0, 0, 0),0,447,0,0,0,1,1,0,0,195, True
9475852,(0, 0, 0, 0),0,451,0,0,0,1,1,0,0,201, True
9501245,(0, 0, 0, 0),0,454,0,0,0,1,1,0,0,144, True
9526636,(0, 0, 0, 0),0,457,0,0,0,1,1,0,0,104, True
9552028,(0, 0, 0, 0),0,460,0,0,0,1,1,0,0,0, True
9577419,(0, 0, 0, 0),0,462,0,0,0,1,1,0,0,181, True
9602810,(0, 0, 0, 0),0,465,0,0,0,1,1,0,0,62, True
9628202,(0, 0, 0, 0),0,467,0,0,0,1,1,0,0,128, True
9653595,(0, 0, 0, 0),0,471,0,0,0,1,1,0,0,83, True
9678987,(0, 0, 0, 0),0,475,0,0,0,1,1,0,0,114, True
9679273,(0, 0, 0, 0),0,475,0,0,1,1,1,0,0,82, True
9697048,(0, 0, 0, 0),0,478,180,0,1,1,1,0,0,18, True
9704377,(0, 0, 0, 0),0,477,180,0,1,0,0,0,0,87, True
9716686,(0, 0, 0, 0),0,467,180,0,1,1,0,0,0,113, True
9729769,(0, 0, 0, 0),0,453,180,0,1,1,0,0,0,123, True
9755160,(0, 0, 0, 0),0,426,180,0,1,1,0,0,0,73, True
9761308,(0, 0, 0, 0),0,419,180,0,1,1,1,0,0,125, True
9780552,(0, 0, 0, 0),0,416,180,0,1,1,1,0,0,244, True
9805943,(0, 0, 0, 0),0,429,180,0,1,1,1,0,0,91, True
9831334,(0, 0, 0, 0),0,443,180,0,1,1,1,0,0,60, True
9856727,(0, 0, 0, 0),0,454,180,0,1,1,1,0,0,85, True
9882118,(0, 0, 0, 0),0,463,180,0,1,1,1,0,0,33, True
9907511,(0, 0, 0, 0),0,471,180,0,1,1,1,0,0,238, True
9932903,(0, 0, 0, 0),0,478,180,0,1,1,1,0,0,10, True
9958294,(0, 0, 0, 0),0,483,180,0,1,1,1,0,0,165, True
9983687,(0, 0, 0, 0),0,490,180,0,1,1,1,0,0,87, True
10009078,(0, 0, 0, 0),0,494,180,0,1,1,1,0,0,141, True
10034471,(0, 0, 0, 0),0,499,180,0,1,1,1,0,0,228, True
10059862,(0, 0, 0, 0),0,502,180,0,1,1,1,0,0,13, True
10085255,(0, 0, 0, 0),0,507,180,0,1,1,1,0,0,178, True
10110646,(0, 0, 0, 0),0,510,180,0,1,1,1,0,0,32, True
10136038,(0, 0, 0, 0),0,513,180,0,1,1,1,0,0,99, True
10161430,(0, 0, 0, 0),0,517,180,0,1,1,1,0,0,50, True
10186822,(0, 0, 0, 0),0,522,180,0,1,1,1,0,0,16, True
10212216,(0, 0, 0, 0),0,525,180,0,1,1,1,0,0,138, True
10237607,(0, 0, 0, 0),0,527,180,0,1,1,1,0,0,181, True
10262999,(0, 0, 0, 0),0,532,180,0,1,1,1,0,0,113, True
10288391,(0, 0, 0, 0),0,533,180,0,1,1,1,0,0,196, True
10313783,(0, 0, 0, 0),0,537,180,0,1,1,1,0,0,100, True
10339175,(0, 0, 0, 0),0,540,180,0,1,1,1,0,0,146, True
10364567,(0, 0, 0, 0),0,542,180,0,1,1,1,0,0,134, True
10389960,(0, 0, 0, 0),0,545,180,0,1,1,1,0,0,73, True
10415351,(0, 0, 0, 0),0,547,180,0,1,1,1,0,0,17, True
10440743,(0, 0, 0, 0),0,550,180,0,1,1,1,0,0,121, True
10466135,(0, 0, 0, 0),0,553,180,0,1,1,1,0,0,229, True
10491528,(0, 0, 0, 0),0,557,180,0,1,1,1,0,0,164, True
10516920,(0, 0, 0, 0),0,558,180,0,1,1,1,0,0,248, True
10542313,(0, 0, 0, 0),0,561,180,0,1,1,1,0,0,19, True
10567704,(0, 0, 0, 0),0,563,180,0,1,1,1,0,0,125, True
10593095,(0, 0, 0, 0),0,565,180,0,1,1,1,0,0,199, True
10618488,(0, 0, 0, 0),0,569,180,0,1,1,1,0,0,82, True
10643880,(0, 0, 0, 0),0,571,180,0,1,1,1,0,0,239, True
10669272,(0, 0, 0, 0),0,573,180,0,1,1,1,0,0,60, True
10694664,(0, 0, 0, 0),0,574,180,0,1,1,1,0,0,18, True
10720057,(0, 0, 0, 0),0,578,180,0,1,1,1,0,0,252, True
10745449,(0, 0, 0, 0),0,579,180,0,1,1,1,0,0,200, True
10770841,(0, 0, 0, 0),0,581,180,0,1,1,1,0,0,150, True
10796233,(0, 0, 0, 0),0,585,180,0,1,1,1,0,0,47, True
10821625,(0, 0, 0, 0),0,588,180,0,1,1,1,0,0,184, True
10847018,(0, 0, 0, 0),0,589,180,0,1,1,1,0,0,246, True
10872410,(0, 0, 0, 0),0,590,180,0,1,1,1,0,0,224, True
10897802,(0, 0, 0, 0),0,592,180,0,1,1,1,0,0,130, True
10923194,(0, 0, 0, 0),0,595,180,0,1,1,1,0,0,84, True
10948587,(0, 0, 0, 0),0,596,180,0,1,1,1,0,0,160, True
10956370,(0, 0, 0, 0),0,596,180,0,1,1,1,1,0,49, True
10973977,(0, 0, 0, 0),0,599,180,0,1,1,1,1,0,44, True
10974271,(0, 0, 0, 0),0,599,180,0,1,1,1,1,1,7, True
10988293,(0, 0, 0, 0),0,601,180,0,1,0,1,1,1,233, True
10999369,(0, 0, 0, 0),0,601,180,0,1,0,1,1,1,215, True
11024761,(0, 0, 0, 0),0,602,180,0,1,0,1,1,1,4, True
11050153,(0, 0, 0, 0),0,604,180,0,1,0,1,1,1,119, True
11075547,(0, 0, 0, 0),0,602,180,0,1,0,1,1,1,96, True
11100938,(0, 0, 0, 0),0,601,180,0,1,0,1,1,1,47, True
11126330,(0, 0, 0, 0),0,600,180,0,1,0,1,1,1,187, True
11151722,(0, 0, 0, 0),0,597,180,0,1,0,1,1,1,10, True
11177115,(0, 0, 0, 0),0,596,180,0,1,0,1,1,1,95, True
11202507,(0, 0, 0, 0),0,595,180,0,1,0,1,1,1,107, True
11227899,(0, 0, 0, 0),0,594,180,0,1,0,1,1,1,230, True
11253291,(0, 0, 0, 0),0,593,180,0,1,0,1,1,1,209, True
11278682,(0, 0, 0, 0),0,591,180,0,1,0,1,1,1,22, True
11304075,(0, 0, 0, 0),0,591,180,0,1,0,1,1,1,162, True
11329467,(0, 0, 0, 0),0,590,180,0,1,0,1,1,1,48, True
11354860,(0, 0, 0, 0),0,589,180,0,1,0,1,1,1,248, True
11380252,(0, 0, 0, 0),0,591,180,0,1,0,1,1,1,238, True
11405644,(0, 0, 0, 0),0,589,180,0,1,0,1,1,1,16, True
11431036,(0, 0, 0, 0),0,589,180,0,1,0,1,1,1,69, True
11456429,(0, 0, 0, 0),0,588,180,0,1,0,1,1,1,54, True
11481821,(0, 0, 0, 0),0,588,180,0,1,0,1,1,1,186, True
11507214,(0, 0, 0, 0),0,587,180,0,1,0,1,1,1,202, True
11532606,(0, 0, 0, 0),0,587,180,0,1,0,1,1,1,149, True
11557999,(0, 0, 0, 0),0,587,180,0,1,0,1,1,1,126, True
11583390,(0, 0, 0, 0),0,586,180,0,1,0,1,1,1,109, True
11608782,(0, 0, 0, 0),0,585,180,0,1,0,1,1,1,162, True
11634175,(0, 0, 0, 0),0,586,180,0,1,0,1,1,1,55, True
11659566,(0, 0, 0, 0),0,585,180,0,1,0,1,1,1,137, True
11684959,(0, 0, 0, 0),0,586,180,0,1,0,1,1,1,93, True
11710351,(0, 0, 0, 0),0,585,180,0,1,0,1,1,1,109, True
11735745,(0, 0, 0, 0),0,584,180,0,1,0,1,1,1,158, True
11761135,(0, 0, 0, 0),0,585,180,0,1,0,1,1,1,214, True
11786528,(0, 0, 0, 0),0,585,180,0,1,0,1,1,1,181, True
11811920,(0, 0, 0, 0),0,584,180,0,1,0,1,1,1,38, True
11837313,(0, 0, 0, 0),0,585,180,0,1,0,1,1,1,85, True
11862705,(0, 0, 0, 0),0,585,180,0,1,0,1,1,1,249, True
11888097,(0, 0, 0, 0),0,585,180,0,1,0,1,1,1,206, True
11913489,(0, 0, 0, 0),0,584,180,0,1,0,1,1,1,147, True
11938880,(0, 0, 0, 0),0,584,180,0,1,0,1,1,1,36, True
11964272,(0, 0, 0, 0),0,584,180,0,1,0,1,1,1,183, True
11989666,(0, 0, 0, 0),0,585,180,0,1,0,1,1,1,25, True
12015059,(0, 0, 0, 0),0,585,180,0,1,0,1,1,1,206, True
12040449,(0, 0, 0, 0),0,584,180,0,1,0,1,1,1,241, True
12065843,(0, 0, 0, 0),0,583,180,0,1,0,1,1,1,102, True
12091234,(0, 0, 0, 0),0,584,180,0,1,0,1,1,1,91, True
12116627,(0, 0, 0, 0),0,585,180,0,1,0,1,1,1,54, True
12142019,(0, 0, 0, 0),0,584,180,0,1,0,1,1,1,193, True
12167412,(0, 0, 0, 0),0,584,180,0,1,0,1,1,1,27, True
12192804,(0, 0, 0, 0),0,584,180,0,1,0,1,1,1,108, True
12218196,(0, 0, 0, 0),0,584,180,0,1,0,1,1,1,127, True
12243588,(0, 0, 0, 0),0,584,180,0,1,0,1,1,1,18, True
12268980,(0, 0, 0, 0),0,584,180,0,1,0,1,1,1,196, True
12291308,(0, 0, 0, 0),0,583,180,0,1,0,0,1,1,58, True
12294371,(0, 0, 0, 0),0,585,180,0,1,0,0,1,1,62, True
12319763,(0, 0, 0, 0),0,563,180,0,1,0,0,1,1,208, True
12345156,(0, 0, 0, 0),0,535,180,0,1,0,0,1,1,7, True
12370548,(0, 0, 0, 0),0,510,180,0,1,0,0,1,1,64, True
12395940,(0, 0, 0, 0),0,491,180,0,1,0,0,1,1,99, True
12421332,(0, 0, 0, 0),0,473,180,0,1,0,0,1,1,140, True
12446723,(0, 0, 0, 0),0,459,180,0,1,0,0,1,1,45, True
12472115,(0, 0, 0, 0),0,445,180,0,1,0,0,1,1,203, True
12497507,(0, 0, 0, 0),0,434,180,0,1,0,0,1,1,105, True
12522899,(0, 0, 0, 0),0,424,180,0,1,0,0,1,1,37, True
12548291,(0, 0, 0, 0),0,415,180,0,1,0,0,1,1,47, True
12573682,(0, 0, 0, 0),0,407,180,0,1,0,0,1,1,181, True
12599074,(0, 0, 0, 0),0,400,180,0,1,0,0,1,1,249, True
12624465,(0, 0, 0, 0),0,393,180,0,1,0,0,1,1,14, True
12649856,(0, 0, 0, 0),0,389,180,0,1,0,0,1,1,117, True
12675248,(0, 0, 0, 0),0,383,180,0,1,0,0,1,1,210, True
12700639,(0, 0, 0, 0),0,378,180,0,1,0,0,1,1,27, True
12726029,(0, 0, 0, 0),0,374,180,0,1,0,0,1,1,34, True
12751421,(0, 0, 0, 0),0,369,180,0,1,0,0,1,1,168, True
12776813,(0, 0, 0, 0),0,365,180,0,1,0,0,1,1,131, True
12802203,(0, 0, 0, 0),0,361,180,0,1,0,0,1,1,221, True
12827595,(0, 0, 0, 0),0,359,180,0,1,0,0,1,1,96, True
12852728,(0, 0, 0, 0),0,355,180,0,1,0,0,1,1,246, True
12878378,(0, 0, 0, 0),0,351,180,0,1,0,0,1,1,135, True
12903770,(0, 0, 0, 0),0,350,180,0,1,0,0,1,1,145, True
12929161,(0, 0, 0, 0),0,347,180,0,1,0,0,1,1,235, True
12954553,(0, 0, 0, 0),0,344,180,0,1,0,0,1,1,59, True
12979943,(0, 0, 0, 0),0,342,180,0,1,0,0,1,1,205, True
13005335,(0, 0, 0, 0),0,339,180,0,1,0,0,1,1,68, True
13030726,(0, 0, 0, 0),0,337,180,0,1,0,0,1,1,176, True
13056118,(0, 0, 0, 0),0,334,180,0,1,0,0,1,1,115, True
13081509,(0, 0, 0, 0),0,333,180,0,1,0,0,1,1,0, True
13106899,(0, 0, 0, 0),0,331,180,0,1,0,0,1,1,21, True
13132290,(0, 0, 0, 0),0,329,180,0,1,0,0,1,1,85, True
13157683,(0, 0, 0, 0),0,328,180,0,1,0,0,1,1,194, True
13183073,(0, 0, 0, 0),0,326,180,0,1,0,0,1,1,114, True
13208465,(0, 0, 0, 0),0,325,180,0,1,0,0,1,1,34, True
13233857,(0, 0, 0, 0),0,322,180,0,1,0,0,1,1,16, True
13259247,(0, 0, 0, 0),0,322,180,0,1,0,0,1,1,130, True
13284639,(0, 0, 0, 0),0,320,180,0,1,0,0,1,1,148, True
13310031,(0, 0, 0, 0),0,319,180,0,1,0,0,1,1,23, True
13335421,(0, 0, 0, 0),0,317,180,0,1,0,0,1,1,68, True
13360812,(0, 0, 0, 0),0,316,180,0,1,0,0,1,1,49, True
13386205,(0, 0, 0, 0),0,315,180,0,1,0,0,1,1,223, True
13411595,(0, 0, 0, 0),0,314,180,0,1,0,0,1,1,236, True
13436987,(0, 0, 0, 0),0,312,180,0,1,0,0,1,1,114, True
13462379,(0, 0, 0, 0),0,311,180,0,1,0,0,1,1,78, True
13487768,(0, 0, 0, 0),0,310,180,0,1,0,0,1,1,25, True
13513159,(0, 0, 0, 0),0,310,180,0,1,0,0,1,1,186, True
13538550,(0, 0, 0, 0),0,309,180,0,1,0,0,1,1,45, True
13563942,(0, 0, 0, 0),0,307,180,0,1,0,0,1,1,151, True
13589333,(0, 0, 0, 0),0,307,180,0,1,0,0,1,1,70, True
13614724,(0, 0, 0, 0),0,306,180,0,1,0,0,1,1,115, True
13639857,(0, 0, 0, 0),0,304,180,0,1,0,0,1,1,197, True
13665506,(0, 0, 0, 0),0,303,180,0,1,0,0,1,1,45, True
13690897,(0, 0, 0, 0),0,302,180,0,1,0,0,1,1,179, True
13716289,(0, 0, 0, 0),0,302,180,0,1,0,0,1,1,65, True
13741679,(0, 0, 0, 0),0,302,180,0,1,0,0,1,1,138, True
13767070,(0, 0, 0, 0),0,301,180,0,1,0,0,1,1,196, True
13792461,(0, 0, 0, 0),0,300,180,0,1,0,0,1,1,243, True
13817853,(0, 0, 0, 0),0,299,180,0,1,0,0,1,1,103, True
13843243,(0, 0, 0, 0),0,299,180,0,1,0,0,1,1,92, True
13868634,(0, 0, 0, 0),0,297,180,0,1,0,0,1,1,138, True
13894027,(0, 0, 0, 0),0,297,180,0,1,0,0,1,1,195, True
13919417,(0, 0, 0, 0),0,296,180,0,1,0,0,1,1,149, True
13944808,(0, 0, 0, 0),0,296,180,0,1,0,0,1,1,103, True
13970200,(0, 0, 0, 0),0,295,180,0,1,0,0,1,1,117, True
13995590,(0, 0, 0, 0),0,295,180,0,1,0,0,1,1,142, True
14020980,(0, 0, 0, 0),0,294,180,0,1,0,0,1,1,194, True
14046372,(0, 0, 0, 0),0,293,180,0,1,0,0,1,1,183, True
14071764,(0, 0, 0, 0),0,293,180,0,1,0,0,1,1,36, True
14097154,(0, 0, 0, 0),0,292,180,0,1,0,0,1,1,94, True
14122545,(0, 0, 0, 0),0,292,180,0,1,0,0,1,1,8, True
14147937,(0, 0, 0, 0),0,291,180,0,1,0,0,1,1,192, True
14173327,(0, 0, 0, 0),0,291,180,0,1,0,0,1,1,132, True
14198718,(0, 0, 0, 0),0,291,180,0,1,0,0,1,1,86, True
14224108,(0, 0, 0, 0),0,289,180,0,1,0,0,1,1,170, True
14249500,(0, 0, 0, 0),0,290,180,0,1,0,0,1,1,61, True
14274891,(0, 0, 0, 0),0,289,180,0,1,0,0,1,1,214, True
14300282,(0, 0, 0, 0),0,288,180,0,1,0,0,1,1,0, True
14325674,(0, 0, 0, 0),0,288,180,0,1,0,0,1,1,115, True
14351064,(0, 0, 0, 0),0,287,180,0,1,0,0,1,1,83, True
14376454,(0, 0, 0, 0),0,287,180,0,1,0,0,1,1,40, True
14401846,(0, 0, 0, 0),0,286,180,0,1,0,0,1,1,134, True
14427238,(0, 0, 0, 0),0,286,180,0,1,0,0,1,1,52, True
14452628,(0, 0, 0, 0),0,286,180,0,1,0,0,1,1,101, True
14478020,(0, 0, 0, 0),0,287,180,0,1,0,0,1,1,89, True
14503412,(0, 0, 0, 0),0,287,180,0,1,0,0,1,1,207, True
14528802,(0, 0, 0, 0),0,286,180,0,1,0,0,1,1,228, True
14554193,(0, 0, 0, 0),0,287,180,0,1,0,0,1,1,48, True
14579585,(0, 0, 0, 0),0,287,180,0,1,0,0,1,1,131, True
14604975,(0, 0, 0, 0),0,287,180,0,1,0,0,1,1,0, True
14630365,(0, 0, 0, 0),0,288,180,0,1,0,0,1,1,171, True
14655757,(0, 0, 0, 0),0,288,180,0,1,0,0,1,1,231, True
14681149,(0, 0, 0, 0),0,287,180,0,1,0,0,1,1,114, True
14706538,(0, 0, 0, 0),0,288,180,0,1,0,0,1,1,121, True
14731929,(0, 0, 0, 0),0,289,180,0,1,0,0,1,1,38, True
14757320,(0, 0, 0, 0),0,288,180,0,1,0,0,1,1,144, True
14782712,(0, 0, 0, 0),0,290,180,0,1,0,0,1,1,31, True
14808102,(0, 0, 0, 0),0,291,180,0,1,0,0,1,1,164, True
14833494,(0, 0, 0, 0),0,291,180,0,1,0,0,1,1,116, True
14858886,(0, 0, 0, 0),0,293,180,0,1,0,0,1,1,79, True
14884276,(0, 0, 0, 0),0,293,180,0,1,0,0,1,1,219, True
14909668,(0, 0, 0, 0),0,294,180,0,1,0,0,1,1,21, True
14935060,(0, 0, 0, 0),0,295,180,0,1,0,0,1,1,128, True
14960450,(0, 0, 0, 0),0,295,180,0,1,0,0,1,1,114, True
14985841,(0, 0, 0, 0),0,297,180,0,1,0,0,1,1,162, True
15010974,(0, 0, 0, 0),0,298,180,0,1,0,0,1,1,233, True
15036623,(0, 0, 0, 0),0,298,180,0,1,0,0,1,1,196, True
15062013,(0, 0, 0, 0),0,300,180,0,1,0,0,1,1,83, True
15087405,(0, 0, 0, 0),0,301,180,0,1,0,0,1,1,101, True
15112797,(0, 0, 0, 0),0,302,180,0,1,0,0,1,1,187, True
15138187,(0, 0, 0, 0),0,303,180,0,1,0,0,1,1,11, True
15163579,(0, 0, 0, 0),0,304,180,0,1,0,0,1,1,184, True
15188970,(0, 0, 0, 0),0,306,180,0,1,0,0,1,1,72, True
15214360,(0, 0, 0, 0),0,307,180,0,1,0,0,1,1,80, True
15239750,(0, 0, 0, 0),0,310,180,0,1,0,0,1,1,166, True
15265142,(0, 0, 0, 0),0,311,180,0,1,0,0,1,1,240, True
15290534,(0, 0, 0, 0),0,314,180,0,1,0,0,1,1,145, True
15315924,(0, 0, 0, 0),0,317,180,0,1,0,0,1,1,7, True
15341316,(0, 0, 0, 0),0,320,180,0,1,0,0,1,1,13, True
15366708,(0, 0, 0, 0),0,323,180,0,1,0,0,1,1,83, True
15392098,(0, 0, 0, 0),0,328,180,0,1,0,0,1,1,169, True
15417489,(0, 0, 0, 0),0,331,180,0,1,0,0,1,1,197, True
15442881,(0, 0, 0, 0),0,334,180,0,1,0,0,1,1,115, True
15468272,(0, 0, 0, 0),0,340,180,0,1,0,0,1,1,250, True
15493664,(0, 0, 0, 0),0,346,180,0,1,0,0,1,1,72, True
15519055,(0, 0, 0, 0),0,350,180,0,1,0,0,1,1,132, True
15544446,(0, 0, 0, 0),0,356,180,0,1,0,0,1,1,115, True
15569838,(0, 0, 0, 0),0,361,180,0,1,0,0,1,1,13, True
15595230,(0, 0, 0, 0),0,366,180,0,1,0,0,1,1,31, True
15620621,(0, 0, 0, 0),0,374,180,0,1,0,0,1,1,123, True
15646013,(0, 0, 0, 0),0,378,180,0,1,0,0,1,1,160, True
15671404,(0, 0, 0, 0),0,385,180,0,1,0,0,1,1,150, True
15696795,(0, 0, 0, 0),0,391,180,0,1,0,0,1,1,196, True
15722188,(0, 0, 0, 0),0,398,180,0,1,0,0,1,1,255, True
15747578,(0, 0, 0, 0),0,406,180,0,1,0,0,1,1,97, True
15772970,(0, 0, 0, 0),0,413,180,0,1,0,0,1,1,94, True
15798362,(0, 0, 0, 0),0,420,180,0,1,0,0,1,1,171, True
15823753,(0, 0, 0, 0),0,428,180,0,1,0,0,1,1,19, True
15849145,(0, 0, 0, 0),0,435,180,0,1,0,0,1,1,153, True
15874537,(0, 0, 0, 0),0,441,180,0,1,0,0,1,1,47, True
15899928,(0, 0, 0, 0),0,449,180,0,1,0,0,1,1,2, True
15925320,(0, 0, 0, 0),0,456,180,0,1,0,0,1,1,199, True
15950711,(0, 0, 0, 0),0,465,180,0,1,0,0,1,1,130, True
15976103,(0, 0, 0, 0),0,472,180,0,1,0,0,1,1,254, True
16001495,(0, 0, 0, 0),0,479,180,0,1,0,0,1,1,97, True
16026886,(0, 0, 0, 0),0,487,180,0,1,0,0,1,1,44, True
16052278,(0, 0, 0, 0),0,494,180,0,1,0,0,1,1,104, True
16077670,(0, 0, 0, 0),0,502,180,0,1,0,0,1,1,130, True
16103061,(0, 0, 0, 0),0,509,180,0,1,0,0,1,1,159, True
16128454,(0, 0, 0, 0),0,516,180,0,1,0,0,1,1,154, True
16153845,(0, 0, 0, 0),0,525,180,0,1,0,0,1,1,197, True
16179238,(0, 0, 0, 0),0,533,180,0,1,0,0,1,1,146, True
16204630,(0, 0, 0, 0),0,539,180,0,1,0,0,1,1,78, True
16230022,(0, 0, 0, 0),0,546,180,0,1,0,0,1,1,66, True
16255414,(0, 0, 0, 0),0,555,180,0,1,0,0,1,1,219, True
16280805,(0, 0, 0, 0),0,561,180,0,1,0,0,1,1,247, True
16306198,(0, 0, 0, 0),0,571,180,0,1,0,0,1,1,178, True
16331589,(0, 0, 0, 0),0,575,180,0,1,0,0,1,1,7, True
16356982,(0, 0, 0, 0),0,583,180,0,1,0,0,1,1,233, True
16382373,(0, 0, 0, 0),0,590,180,0,1,0,0,1,1,92, True
16407765,(0, 0, 0, 0),0,596,180,0,1,0,0,1,1,144, True
16433158,(0, 0, 0, 0),0,604,180,0,1,0,0,1,1,215, True
16458549,(0, 0, 0, 0),0,611,180,0,1,0,0,1,1,57, True
16483941,(0, 0, 0, 0),0,619,180,0,1,0,0,1,1,196, True
16509333,(0, 0, 0, 0),0,624,180,0,1,0,0,1,1,64, True
16534726,(0, 0, 0, 0),0,631,180,0,1,0,0,1,1,182, True
16560118,(0, 0, 0, 0),0,637,180,0,1,0,0,1,1,111, True
16585511,(0, 0, 0, 0),0,643,180,0,1,0,0,1,1,253, True
16610902,(0, 0, 0, 0),0,651,180,0,1,0,0,1,1,225, True
16636294,(0, 0, 0, 0),0,656,180,0,1,0,0,1,1,133, True
16661687,(0, 0, 0, 0),0,662,180,0,1,0,0,1,1,84, True
16687079,(0, 0, 0, 0),0,668,180,0,1,0,0,1,1,173, True
16712472,(0, 0, 0, 0),0,674,180,0,1,0,0,1,1,241, True
16737863,(0, 0, 0, 0),0,681,180,0,1,0,0,1,1,192, True
16763257,(0, 0, 0, 0),0,686,180,0,1,0,0,1,1,86, True
16788649,(0, 0, 0, 0),0,692,180,0,1,0,0,1,1,135, True
16814041,(0, 0, 0, 0),0,699,180,0,1,0,0,1,1,91, True
16839433,(0, 0, 0, 0),0,703,180,0,1,0,0,1,1,243, True
16864827,(0, 0, 0, 0),0,708,180,0,1,0,0,1,1,30, True
16890218,(0, 0, 0, 0),0,715,180,0,1,0,0,1,1,175, True
16915610,(0, 0, 0, 0),0,717,180,0,1,0,0,1,1,255, True
16941003,(0, 0, 0, 0),0,721,180,0,1,0,0,1,1,209, True
16966396,(0, 0, 0, 0),0,729,180,0,1,0,0,1,1,115, True
16991789,(0, 0, 0, 0),0,731,180,0,1,0,0,1,1,5, True
17017182,(0, 0, 0, 0),0,737,180,0,1,0,0,1,1,163, True
17042573,(0, 0, 0, 0),0,743,180,0,1,0,0,1,1,212, True
17067967,(0, 0, 0, 0),0,748,180,0,1,0,0,1,1,142, True
17093359,(0, 0, 0, 0),0,751,180,0,1,0,0,1,1,96, True
17118752,(0, 0, 0, 0),0,754,180,0,1,0,0,1,1,87, True
17144145,(0, 0, 0, 0),0,759,180,0,1,0,0,1,1,140, True
17169537,(0, 0, 0, 0),0,764,180,0,1,0,0,1,1,50, True
17194930,(0, 0, 0, 0),0,768,180,0,1,0,0,1,1,92, True
17220322,(0, 0, 0, 0),0,771,180,0,1,0,0,1,1,146, True
17245714,(0, 0, 0, 0),0,775,180,0,1,0,0,1,1,131, True
17271107,(0, 0, 0, 0),0,781,180,0,1,0,0,1,1,119, True
17296499,(0, 0, 0, 0),0,783,180,0,1,0,0,1,1,32, True
17321892,(0, 0, 0, 0),0,786,180,0,1,0,0,1,1,70, True
17347284,(0, 0, 0, 0),0,790,180,0,1,0,0,1,1,207, True
17372677,(0, 0, 0, 0),0,795,180,0,1,0,0,1,1,182, True
17398069,(0, 0, 0, 0),0,797,180,0,1,0,0,1,1,239, True
17423462,(0, 0, 0, 0),0,801,180,0,1,0,0,1,1,37, True
17448855,(0, 0, 0, 0),0,804,180,0,1,0,0,1,1,49, True
17474247,(0, 0, 0, 0),0,808,180,0,1,0,0,1,1,240, True
17499638,(0, 0, 0, 0),0,811,180,0,1,0,0,1,1,100, True
17525032,(0, 0, 0, 0),0,815,180,0,1,0,0,1,1,210, True
17550425,(0, 0, 0, 0),0,817,180,0,1,0,0,1,1,24, True
17575817,(0, 0, 0, 0),0,822,180,0,1,0,0,1,1,43, True
17601209,(0, 0, 0, 0),0,823,180,0,1,0,0,1,1,167, True
17626602,(0, 0, 0, 0),0,827,180,0,1,0,0,1,1,159, True
17651994,(0, 0, 0, 0),0,828,180,0,1,0,0,1,1,197, True
17677387,(0, 0, 0, 0),0,832,180,0,1,0,0,1,1,13, True
17702779,(0, 0, 0, 0),0,834,180,0,1,0,0,1,1,159, True
17728172,(0, 0, 0, 0),0,836,180,0,1,0,0,1,1,211, True
17753564,(0, 0, 0, 0),0,841,180,0,1,0,0,1,1,201, True
17778957,(0, 0, 0, 0),0,845,180,0,1,0,0,1,1,177, True
17804349,(0, 0, 0, 0),0,846,180,0,1,0,0,1,1,103, True
17829742,(0, 0, 0, 0),0,848,180,0,1,0,0,1,1,150, True
17855135,(0, 0, 0, 0),0,850,180,0,1,0,0,1,1,24, True
17880527,(0, 0, 0, 0),0,853,180,0,1,0,0,1,1,232, True
17905919,(0, 0, 0, 0),0,855,180,0,1,0,0,1,1,54, True
17931312,(0, 0, 0, 0),0,859,180,0,1,0,0,1,1,81, True
17956704,(0, 0, 0, 0),0,859,180,0,1,0,0,1,1,98, True
17982097,(0, 0, 0, 0),0,861,180,0,1,0,0,1,1,11, True
18007488,(0, 0, 0, 0),0,864,180,0,1,0,0,1,1,192, True
18032882,(0, 0, 0, 0),0,866,180,0,1,0,0,1,1,28, True
18058274,(0, 0, 0, 0),0,867,180,0,1,0,0,1,1,105, True
18083666,(0, 0, 0, 0),0,870,180,0,1,0,0,1,1,127, True
18109058,(0, 0, 0, 0),0,875,180,0,1,0,0,1,1,24, True
18134452,(0, 0, 0, 0),0,875,180,0,1,0,0,1,1,201, True
18159843,(0, 0, 0, 0),0,876,180,0,1,0,0,1,1,53, True
18185236,(0, 0, 0, 0),0,878,180,0,1,0,0,1,1,164, True
18210628,(0, 0, 0, 0),0,880,180,0,1,0,0,1,1,73, True
18236021,(0, 0, 0, 0),0,881,180,0,1,0,0,1,1,231, True
18261413,(0, 0, 0, 0),0,884,180,0,1,0,0,1,1,213, True
18286805,(0, 0, 0, 0),0,886,180,0,1,0,0,1,1,11, True
18312198,(0, 0, 0, 0),0,889,180,0,1,0,0,1,1,179, True
18337590,(0, 0, 0, 0),0,889,180,0,1,0,0,1,1,32, True
18362982,(0, 0, 0, 0),0,891,180,0,1,0,0,1,1,128, True
18388375,(0, 0, 0, 0),0,893,180,0,1,0,0,1,1,208, True
18413766,(0, 0, 0, 0),0,893,180,0,1,0,0,1,1,236, True
18439157,(0, 0, 0, 0),0,896,180,0,1,0,0,1,1,128, True
18464550,(0, 0, 0, 0),0,898,180,0,1,0,0,1,1,181, True
18489942,(0, 0, 0, 0),0,896,180,0,1,0,0,1,1,89, True
18515335,(0, 0, 0, 0),0,898,180,0,1,0,0,1,1,45, True
18540726,(0, 0, 0, 0),0,899,180,0,1,0,0,1,1,112, True
18566119,(0, 0, 0, 0),0,901,180,0,1,0,0,1,1,133, True
18591510,(0, 0, 0, 0),0,901,180,0,1,0,0,1,1,144, True
18616902,(0, 0, 0, 0),0,903,180,0,1,0,0,1,1,120, True
18642295,(0, 0, 0, 0),0,903,180,0,1,0,0,1,1,46, True
18667686,(0, 0, 0, 0),0,904,180,0,1,0,0,1,1,93, True
18693079,(0, 0, 0, 0),0,905,180,0,1,0,0,1,1,207, True
18718470,(0, 0, 0, 0),0,909,180,0,1,0,0,1,1,190, True
18743863,(0, 0, 0, 0),0,908,180,0,1,0,0,1,1,16, True
18769254,(0, 0, 0, 0),0,909,180,0,1,0,0,1,1,39, True
18794645,(0, 0, 0, 0),0,910,180,0,1,0,0,1,1,122, True
18820038,(0, 0, 0, 0),0,910,180,0,1,0,0,1,1,203, True
18845429,(0, 0, 0, 0),0,912,180,0,1,0,0,1,1,67, True
18870822,(0, 0, 0, 0),0,913,180,0,1,0,0,1,1,237, True
18896213,(0, 0, 0, 0),0,914,180,0,1,0,0,1,1,5, True
18921604,(0, 0, 0, 0),0,913,180,0,1,0,0,1,1,58, True
18946996,(0, 0, 0, 0),0,914,180,0,1,0,0,1,1,171, True
18972387,(0, 0, 0, 0),0,917,180,0,1,0,0,1,1,158, True
18997779,(0, 0, 0, 0),0,915,180,0,1,0,0,1,1,244, True
19023170,(0, 0, 0, 0),0,915,180,0,1,0,0,1,1,1, True
19048561,(0, 0, 0, 0),0,916,180,0,1,0,0,1,1,216, True
19073952,(0, 0, 0, 0),0,917,180,0,1,0,0,1,1,170, True
19099344,(0, 0, 0, 0),0,917,180,0,1,0,0,1,1,191, True
19124735,(0, 0, 0, 0),0,918,180,0,1,0,0,1,1,44, True
19150126,(0, 0, 0, 0),0,920,180,0,1,0,0,1,1,16, True
19175518,(0, 0, 0, 0),0,919,180,0,1,0,0,1,1,194, True
19200909,(0, 0, 0, 0),0,921,180,0,1,0,0,1,1,124, True
19226301,(0, 0, 0, 0),0,921,180,0,1,0,0,1,1,232, True
19251693,(0, 0, 0, 0),0,924,180,0,1,0,0,1,1,34, True
19277083,(0, 0, 0, 0),0,921,180,0,1,0,0,1,1,54, True
19302475,(0, 0, 0, 0),0,922,180,0,1,0,0,1,1,200, True
19327867,(0, 0, 0, 0),0,925,180,0,1,0,0,1,1,156, True
19353258,(0, 0, 0, 0),0,923,180,0,1,0,0,1,1,239, True
19378650,(0, 0, 0, 0),0,925,180,0,1,0,0,1,1,102, True
19404042,(0, 0, 0, 0),0,925,180,0,1,0,0,1,1,29, True
19429433,(0, 0, 0, 0),0,925,180,0,1,0,0,1,1,67, True
19454824,(0, 0, 0, 0),0,927,180,0,1,0,0,1,1,179, True
19480216,(0, 0, 0, 0),0,924,180,0,1,0,0,1,1,164, True
19505608,(0, 0, 0, 0),0,926,180,0,1,0,0,1,1,105, True
19530999,(0, 0, 0, 0),0,926,180,0,1,0,0,1,1,240, True
19556390,(0, 0, 0, 0),0,926,180,0,1,0,0,1,1,77, True
19581780,(0, 0, 0, 0),0,925,180,0,1,0,0,1,1,159, True
19607173,(0, 0, 0, 0),0,926,180,0,1,0,0,1,1,169, True
19632564,(0, 0, 0, 0),0,926,180,0,1,0,0,1,1,39, True
19657955,(0, 0, 0, 0),0,927,180,0,1,0,0,1,1,20, True
19683346,(0, 0, 0, 0),0,926,180,0,1,0,0,1,1,79, True
19708738,(0, 0, 0, 0),0,926,180,0,1,0,0,1,1,252, True
19734129,(0, 0, 0, 0),0,926,180,0,1,0,0,1,1,107, True
19759520,(0, 0, 0, 0),0,926,180,0,1,0,0,1,1,37, True
19784912,(0, 0, 0, 0),0,926,180,0,1,0,0,1,1,48, True
19810301,(0, 0, 0, 0),0,926,180,0,1,0,0,1,1,189, True
19835693,(0, 0, 0, 0),0,925,180,0,1,0,0,1,1,130, True
19861085,(0, 0, 0, 0),0,926,180,0,1,0,0,1,1,85, True
19886476,(0, 0, 0, 0),0,926,180,0,1,0,0,1,1,251, True
19911868,(0, 0, 0, 0),0,927,180,0,1,0,0,1,1,111, True
19937260,(0, 0, 0, 0),0,927,180,0,1,0,0,1,1,195, True
19962651,(0, 0, 0, 0),0,926,180,0,1,0,0,1,1,153, True
19988042,(0, 0, 0, 0),0,926,180,0,1,0,0,1,1,173, True
20013434,(0, 0, 0, 0),0,927,180,0,1,0,0,1,1,2, True
20038824,(0, 0, 0, 0),0,926,180,0,1,0,0,1,1,116, True
20064216,(0, 0, 0, 0),0,926,180,0,1,0,0,1,1,228, True
20089608,(0, 0, 0, 0),0,925,180,0,1,0,0,1,1,155, True
20114999,(0, 0, 0, 0),0,927,180,0,1,0,0,1,1,195, True
20140391,(0, 0, 0, 0),0,926,180,0,1,0,0,1,1,44, True
20165782,(0, 0, 0, 0),0,927,180,0,1,0,0,1,1,57, True
20191173,(0, 0, 0, 0),0,926,180,0,1,0,0,1,1,207, True
20216564,(0, 0, 0, 0),0,926,180,0,1,0,0,1,1,147, True
20241956,(0, 0, 0, 0),0,926,180,0,1,0,0,1,1,231, True
20267346,(0, 0, 0, 0),0,926,180,0,1,0,0,1,1,15, True
20292738,(0, 0, 0, 0),0,926,180,0,1,0,0,1,1,58, True
20318130,(0, 0, 0, 0),0,926,180,0,1,0,0,1,1,170, True
20343522,(0, 0, 0, 0),0,926,180,0,1,0,0,1,1,151, True
20368912,(0, 0, 0, 0),0,926,180,0,1,0,0,1,1,193, True
20394304,(0, 0, 0, 0),0,926,180,0,1,0,0,1,1,111, True
20419696,(0, 0, 0, 0),0,926,180,0,1,0,0,1,1,250, True
20445087,(0, 0, 0, 0),0,926,180,0,1,0,0,1,1,118, True
20470479,(0, 0, 0, 0),0,926,180,0,1,0,0,1,1,132, True
20495870,(0, 0, 0, 0),0,926,180,0,1,0,0,1,1,82, True
20521262,(0, 0, 0, 0),0,926,180,0,1,0,0,1,1,31, True
20546653,(0, 0, 0, 0),0,926,180,0,1,0,0,1,1,201, True
20572045,(0, 0, 0, 0),0,926,180,0,1,0,0,1,1,122, True
20597437,(0, 0, 0, 0),0,927,180,0,1,0,0,1,1,229, True
20622828,(0, 0, 0, 0),0,926,180,0,1,0,0,1,1,82, True
20648219,(0, 0, 0, 0),0,926,180,0,1,0,0,1,1,24, True
20673611,(0, 0, 0, 0),0,926,180,0,1,0,0,1,1,45, True
20699002,(0, 0, 0, 0),0,926,180,0,1,0,0,1,1,191, True
20724394,(0, 0, 0, 0),0,926,180,0,1,0,0,1,1,133, True
20749785,(0, 0, 0, 0),0,926,180,0,1,0,0,1,1,81, True
20775176,(0, 0, 0, 0),0,926,180,0,1,0,0,1,1,29, True
20800567,(0, 0, 0, 0),0,927,180,0,1,0,0,1,1,70, True
20825959,(0, 0, 0, 0),0,926,180,0,1,0,0,1,1,180, True
20851350,(0, 0, 0, 0),0,925,180,0,1,0,0,1,1,168, True
20876742,(0, 0, 0, 0),0,926,180,0,1,0,0,1,1,92, True
20902133,(0, 0, 0, 0),0,925,180,0,1,0,0,1,1,17, True
20927524,(0, 0, 0, 0),0,926,180,0,1,0,0,1,1,102, True
20952915,(0, 0, 0, 0),0,926,180,0,1,0,0,1,1,242, True
20978307,(0, 0, 0, 0),0,925,180,0,1,0,0,1,1,243, True
21003698,(0, 0, 0, 0),0,925,180,0,1,0,0,1,1,165, True
21029089,(0, 0, 0, 0),0,925,180,0,1,0,0,1,1,107, True
21054481,(0, 0, 0, 0),0,926,180,0,1,0,0,1,1,61, True
21079872,(0, 0, 0, 0),0,925,180,0,1,0,0,1,1,140, True
21105263,(0, 0, 0, 0),0,926,180,0,1,0,0,1,1,14, True
21130655,(0, 0, 0, 0),0,925,180,0,1,0,0,1,1,154, True
21156046,(0, 0, 0, 0),0,925,180,0,1,0,0,1,1,118, True
21181438,(0, 0, 0, 0),0,926,180,0,1,0,0,1,1,167, True
21206829,(0, 0, 0, 0),0,925,180,0,1,0,0,1,1,211, True
21232219,(0, 0, 0, 0),0,924,180,0,1,0,0,1,1,201, True
21257611,(0, 0, 0, 0),0,925,180,0,1,0,0,1,1,184, True
21283003,(0, 0, 0, 0),0,924,180,0,1,0,0,1,1,20, True
21308394,(0, 0, 0, 0),0,924,180,0,1,0,0,1,1,167, True
21333786,(0, 0, 0, 0),0,926,180,0,1,0,0,1,1,241, True
21359177,(0, 0, 0, 0),0,925,180,0,1,0,0,1,1,204, True
21384567,(0, 0, 0, 0),0,926,180,0,1,0,0,1,1,85, True
21409959,(0, 0, 0, 0),0,924,180,0,1,0,0,1,1,122, True
21435351,(0, 0, 0, 0),0,926,180,0,1,0,0,1,1,170, True
21460741,(0, 0, 0, 0),0,924,180,0,1,0,0,1,1,30, True
21486134,(0, 0, 0, 0),0,925,180,0,1,0,0,1,1,129, True
21511525,(0, 0, 0, 0),0,924,180,0,1,0,0,1,1,59, True
21536916,(0, 0, 0, 0),0,925,180,0,1,0,0,1,1,86, True
21562307,(0, 0, 0, 0),0,925,180,0,1,0,0,1,1,163, True
21587699,(0, 0, 0, 0),0,924,180,0,1,0,0,1,1,247, True
21613090,(0, 0, 0, 0),0,925,180,0,1,0,0,1,1,139, True
21638481,(0, 0, 0, 0),0,924,180,0,1,0,0,1,1,29, True
21663873,(0, 0, 0, 0),0,924,180,0,1,0,0,1,1,112, True
21689265,(0, 0, 0, 0),0,923,180,0,1,0,0,1,1,36, True
21714656,(0, 0, 0, 0),0,925,180,0,1,0,0,1,1,215, True
21740047,(0, 0, 0, 0),0,924,180,0,1,0,0,1,1,213, True
21765437,(0, 0, 0, 0),0,923,180,0,1,0,0,1,1,64, True
21790829,(0, 0, 0, 0),0,924,180,0,1,0,0,1,1,138, True
21816221,(0, 0, 0, 0),0,923,180,0,1,0,0,1,1,30, True
21841612,(0, 0, 0, 0),0,924,180,0,1,0,0,1,1,236, True
21867004,(0, 0, 0, 0),0,924,180,0,1,0,0,1,1,51, True
21892395,(0, 0, 0, 0),0,923,180,0,1,0,0,1,1,68, True
21917786,(0, 0, 0, 0),0,922,180,0,1,0,0,1,1,73, True
21943178,(0, 0, 0, 0),0,924,180,0,1,0,0,1,1,60, True
21968569,(0, 0, 0, 0),0,922,180,0,1,0,0,1,1,237, True
21993960,(0, 0, 0, 0),0,923,180,0,1,0,0,1,1,18, True
22019351,(0, 0, 0, 0),0,924,180,0,1,0,0,1,1,142, True
22044743,(0, 0, 0, 0),0,923,180,0,1,0,0,1,1,91, True
22070135,(0, 0, 0, 0),0,921,180,0,1,0,0,1,1,202, True
22095525,(0, 0, 0, 0),0,923,180,0,1,0,0,1,1,254, True
22120917,(0, 0, 0, 0),0,922,180,0,1,0,0,1,1,32, True
22146309,(0, 0, 0, 0),0,921,180,0,1,0,0,1,1,151, True
22171700,(0, 0, 0, 0),0,921,180,0,1,0,0,1,1,24, True
22197091,(0, 0, 0, 0),0,923,180,0,1,0,0,1,1,174, True
22222482,(0, 0, 0, 0),0,923,180,0,1,0,0,1,1,251, True
22247873,(0, 0, 0, 0),0,921,180,0,1,0,0,1,1,197, True
22273265,(0, 0, 0, 0),0,922,180,0,1,0,0,1,1,83, True
22298656,(0, 0, 0, 0),0,921,180,0,1,0,0,1,1,26, True
22324047,(0, 0, 0, 0),0,921,180,0,1,0,0,1,1,150, True
22349439,(0, 0, 0, 0),0,921,180,0,1,0,0,1,1,2, True
22374830,(0, 0, 0, 0),0,922,180,0,1,0,0,1,1,191, True
22400222,(0, 0, 0, 0),0,921,180,0,1,0,0,1,1,105, True
22425613,(0, 0, 0, 0),0,920,180,0,1,0,0,1,1,68, True
22451004,(0, 0, 0, 0),0,921,180,0,1,0,0,1,1,215, True
22476396,(0, 0, 0, 0),0,921,180,0,1,0,0,1,1,226, True
22501787,(0, 0, 0, 0),0,921,180,0,1,0,0,1,1,187, True
22527177,(0, 0, 0, 0),0,919,180,0,1,0,0,1,1,2, True
22552570,(0, 0, 0, 0),0,920,180,0,1,0,0,1,1,146, True
22577961,(0, 0, 0, 0),0,921,180,0,1,0,0,1,1,220, True
22603350,(0, 0, 0, 0),0,921,180,0,1,0,0,1,1,198, True
22628742,(0, 0, 0, 0),0,919,180,0,1,0,0,1,1,182, True
22654133,(0, 0, 0, 0),0,920,180,0,1,0,0,1,1,111, True
22679524,(0, 0, 0, 0),0,918,180,0,1,0,0,1,1,144, True
22704915,(0, 0, 0, 0),0,920,180,0,1,0,0,1,1,21, True
22730307,(0, 0, 0, 0),0,919,180,0,1,0,0,1,1,239, True
22755698,(0, 0, 0, 0),0,918,180,0,1,0,0,1,1,49, True
22781089,(0, 0, 0, 0),0,917,180,0,1,0,0,1,1,68, True
22806481,(0, 0, 0, 0),0,917,180,0,1,0,0,1,1,87, True
22831872,(0, 0, 0, 0),0,918,180,0,1,0,0,1,1,30, True
22857263,(0, 0, 0, 0),0,917,180,0,1,0,0,1,1,151, True
22882655,(0, 0, 0, 0),0,918,180,0,1,0,0,1,1,10, True
22908046,(0, 0, 0, 0),0,916,180,0,1,0,0,1,1,124, True
22933437,(0, 0, 0, 0),0,917,180,0,1,0,0,1,1,45, True
22958828,(0, 0, 0, 0),0,917,180,0,1,0,0,1,1,194, True
22984220,(0, 0, 0, 0),0,916,180,0,1,0,0,1,1,215, True
23009611,(0, 0, 0, 0),0,917,180,0,1,0,0,1,1,47, True
23035002,(0, 0, 0, 0),0,917,180,0,1,0,0,1,1,123, True
23060394,(0, 0, 0, 0),0,917,180,0,1,0,0,1,1,8, True
23085785,(0, 0, 0, 0),0,916,180,0,1,0,0,1,1,216, True
23111177,(0, 0, 0, 0),0,915,180,0,1,0,0,1,1,235, True
23136568,(0, 0, 0, 0),0,916,180,0,1,0,0,1,1,115, True
23161959,(0, 0, 0, 0),0,915,180,0,1,0,0,1,1,78, True
23187351,(0, 0, 0, 0),0,916,180,0,1,0,0,1,1,26, True
23212742,(0, 0, 0, 0),0,915,180,0,1,0,0,1,1,178, True
23238133,(0, 0, 0, 0),0,916,180,0,1,0,0,1,1,33, True
23263524,(0, 0, 0, 0),0,917,180,0,1,0,0,1,1,157, True
23288916,(0, 0, 0, 0),0,916,180,0,1,0,0,1,1,72, True
23314307,(0, 0, 0, 0),0,915,180,0,1,0,0,1,1,123, True
23339698,(0, 0, 0, 0),0,916,180,0,1,0,0,1,1,215, True
23365090,(0, 0, 0, 0),0,915,180,0,1,0,0,1,1,39, True
23390480,(0, 0, 0, 0),0,916,180,0,1,0,0,1,1,190, True
23415871,(0, 0, 0, 0),0,915,180,0,1,0,0,1,1,50, True
23441264,(0, 0, 0, 0),0,915,180,0,1,0,0,1,1,158, True
23466654,(0, 0, 0, 0),0,915,180,0,1,0,0,1,1,206, True
23492046,(0, 0, 0, 0),0,915,180,0,1,0,0,1,1,249, True
23517438,(0, 0, 0, 0),0,915,180,0,1,0,0,1,1,100, True
23542828,(0, 0, 0, 0),0,914,180,0,1,0,0,1,1,82, True
23568221,(0, 0, 0, 0),0,915,180,0,1,0,0,1,1,129, True
